0	洞穴	0	1	5	0	0	0	2	10	0	0	3500	0	60	0	0	0	0	0	0	0	0	0	0	60					<po=cm>说明文	0	-1		0&0&0&0&0&0&0&0&0&0&0&0	16
1	火山	0	1	5	0	0	0	2	12	0	0	3500	0	60	0	0	0	0	0	0	0	0	0	0	60					<po=cm>说明文	0	-1		0&0&0&0&0&0&0&0&0&0&0&0	524304
2	草原	0	11	0	0	0	0	2	14	0	0	3500	0	60	0	0	0	0	0	0	0	0	0	0	60					<po=cm>说明文	0	-1		0&0&0&0&0&0&0&0&0&0&0&0	16
3	花田	0	11	5	0	0	0	2	15	0	0	3500	0	60	0	0	0	0	0	0	0	0	0	0	60					<po=cm>说明文	0	-1		0&0&0&0&0&0&0&0&0&0&0&0	16
4	石碑	0	1	5	0	0	0	2	17	0	0	3500	0	60	0	0	0	0	0	0	0	0	0	0	60					<po=cm>说明文	0	-1		0&0&0&0&0&0&0&0&0&0&0&0	48
5	迷宫	0	1	5	0	0	0	2	18	0	0	3500	0	60	0	0	0	0	0	0	0	0	0	0	60					<po=cm>说明文	0	-1		0&0&0&0&0&0&0&0&0&0&0&0	524336
6	沼地	0	1	5	0	0	0	2	19	0	0	3500	0	60	0	0	0	0	0	0	0	0	0	0	60					<po=cm>说明文	0	-1		0&0&0&0&0&0&0&0&0&0&0&0	48
7	废墟	0	1	5	0	0	0	2	20	0	0	3500	0	60	0	0	0	0	0	0	0	0	0	0	60					<po=cm>说明文	0	-1		0&0&0&0&0&0&0&0&0&0&0&0	48
8	幽深的迷宫	0	1	5	0	0	0	2	21	0	0	3500	0	60	0	0	0	0	0	0	0	0	0	0	60					<po=cm>说明文	0	-1		0&0&0&0&0&0&0&0&0&0&0&0	524336
9	诡异森林	0	1	5	0	0	0	2	22	0	0	3500	0	60	0	0	0	0	0	0	0	0	0	0	60					<po=cm>说明文	0	-1		0&0&0&0&0&0&0&0&0&0&0&0	524336
10	幽灵据点	0	1	5	0	0	0	2	23	0	0	3500	0	60	0	0	0	0	0	0	0	0	0	0	60					<po=cm>说明文	0	-1		0&0&0&0&0&0&0&0&0&0&0&0	524336
11	谜之石像	0	1	5	0	0	0	2	24	0	0	3500	0	60	0	0	0	0	0	0	0	0	0	0	60					<po=cm>说明文	0	-1		0&0&0&0&0&0&0&0&0&0&0&0	524336
12	古代宫殿	0	1	5	0	0	0	2	25	0	0	3500	0	60	0	0	0	0	0	0	0	0	0	0	60					<po=cm>说明文	0	-1		0&0&0&0&0&0&0&0&0&0&0&0	524336
13	塔	0	1	5	0	0	0	2	26	0	0	3500	0	60	0	0	0	0	0	0	0	0	0	0	60					<po=cm>说明文	0	-1		0&0&0&0&0&0&0&0&0&0&0&0	524336
14	山丘	0	11	0	0	0	0	2	11	0	0	3500	0	60	0	0	0	0	0	0	0	0	0	0	60					<po=cm>说明文	0	-1		0&0&0&0&0&0&0&0&0&0&0&0	16
15	森	0	11	0	0	0	0	2	13	0	0	3500	0	60	0	0	0	0	0	0	0	0	0	0	60					<po=cm>说明文	0	-1		0&0&0&0&0&0&0&0&0&0&0&0	16
16	林	0	11	0	0	0	0	2	16	0	0	3500	0	60	0	0	0	0	0	0	0	0	0	0	60					<po=cm>说明文	0	-1		0&0&0&0&0&0&0&0&0&0&0&0	16
17	plain00.seb	0	7	0	0	0	0	0	27	0	0	3500	0	60	0	0	0	0	0	0	0	0	0	0	60					<po=cm>说明文	0	-1		0&0&0&0&0&0&0&0&0&0&0&0	16
18	道	0	6	0	0	0	0	0	37	0	0	3500	10	60	0	0	0	0	0	0	0	0	0	0	60					<po=cm>说明文	0	-1		0&0&0&0&0&0&0&0&0&0&0&0	21
19	海	0	10	0	0	0	0	0	38	0	0	3500	0	60	0	0	0	0	0	0	0	0	0	0	60						0	-1		0&0&0&0&0&0&0&0&0&0&0&0	0
20	海	0	11	0	0	0	0	0	39	0	0	3500	0	60	0	0	0	0	0	0	0	0	0	0	60						0	-1		0&0&0&0&0&0&0&0&0&0&0&0	0
21	海	0	11	0	0	0	0	0	40	0	0	3500	0	60	0	0	0	0	0	0	0	0	0	0	60						0	-1		0&0&0&0&0&0&0&0&0&0&0&0	0
22	海	0	11	0	0	0	0	0	41	0	0	3500	0	60	0	0	0	0	0	0	0	0	0	0	60						0	-1		0&0&0&0&0&0&0&0&0&0&0&0	0
23	空	0	10	0	0	0	0	0	42	0	0	3500	0	60	0	0	0	0	0	0	0	0	0	0	60						0	-1		0&0&0&0&0&0&0&0&0&0&0&0	0
24	入住募集	5	13	10	6	0	0	0	81	0	0	40	100	1	0	0	0	0	0	0	120	240	0	0	150	2	10			<po=cm>说明文	0	0		0&0&0&0&0&0&0&0&0&0&0&0	69
25	住宅	5	12	9	0	0	0	0	46	0	0	80	800	400	0	0	0	0	0	0	180	360	0	0	150	2	10			<po=cm>说明文	0	-1		0&0&0&0&0&0&0&0&0&0&0&0	228
26	住宅2	5	12	9	0	0	0	0	47	0	0	120	800	400	0	0	0	0	0	0	120	240	0	0	150	2	10			<po=cm>说明文	0	-1		0&0&0&0&0&0&0&0&0&0&0&0	192
27	住宅3	5	12	9	0	0	0	0	79	0	0	200	800	400	0	0	0	0	0	0	120	240	0	0	150	2	10			<po=cm>说明文	0	-1		0&0&0&0&0&0&0&0&0&0&0&0	196
28	旅店	0	3	2	0	1	60	1	48	0	0	40	1000	400	300	450	5	50	5	50	240	480	50	500	60	2	10			<po=cm>可使疲惫的身体恢复活力	0&0	0		0&0&0&0&0&0&0&0&0&0&0&0	101
29	２格旅店	0	3	2	0	0	0	1	74	1	0	200	1000	400	480	720	7	70	5	50	240	480	20	200	60	2	10			<po=cm>说明文	0	-1		0&0&0&0&0&0&0&0&0&0&0&0	96
30	武器店	1	3	1	1	0	0	1	50	0	0	40	1000	400	0	0	0	0	5	50	240	480	0	0	60	2	10			<po=cm>出售冒险者必备的武器	0&0	0		0&0&0&0&0&0&0&0&0&0&0&0	101
31	防具店	1	3	1	4	0	0	1	80	0	0	30	1000	400	0	0	0	0	5	50	240	480	0	0	60	2	10			<po=cm>出售冒险者必备的防具	0&0	0		0&0&0&0&0&0&0&0&0&0&0&0	103
32	饰品店	1	3	1	5	0	0	1	60	0	0	40	1000	400	0	0	0	0	5	50	240	480	0	0	60	2	10			<po=cm>出售各种饰品	0&0	1		0&0&0&0&0&0&0&0&0&0&0&0	100
33	包子铺	2	3	1	0	1	10	2	44	0	0	20	400	400	300	450	5	50	4	40	120	240	20	200	60	2	5	0	1	<po=cm>说明文	0	0	6,100&40,33	0&0&2&0&0&2&0&2&1&1&1&0	262245
34	冷饮店	2	3	1	0	1	10	2	43	0	0	30	600	400	360	540	6	60	4	40	144	288	20	200	60	2	5	0	1	<po=cm>说明文	0	0	6,100&40,34	0&0&2&0&0&2&0&0&1&1&1&0	262244
35	面包房	2	3	1	0	1	10	2	53	0	0	40	600	400	420	630	6	60	4	40	168	336	20	200	60	2	10	0	1	<po=cm>说明文	0	0	6,100&40,35	0&2&0&0&0&0&0&2&1&1&1&0	262247
36	咖啡厅	2	3	1	0	1	10	2	65	0	0	50	700	400	420	630	6	60	5	50	192	384	30	300	60	2	10	0	1	<po=cm>说明文	0	0	6,100&40,36	0&0&0&0&0&2&0&0&1&1&1&0	262244
37	水果店	2	3	1	0	1	10	2	54	0	0	60	800	400	480	720	6	60	5	50	240	480	30	300	60	2	10	0	1	<po=cm>说明文	0	1	6,100&40,37	0&2&2&0&0&0&0&0&1&1&1&0	262244
38	咖喱店	2	3	1	0	0	0	2	70	0	0	70	900	400	510	765	7	70	5	50	288	576	30	300	60	2	5	0	2	<po=cm>说明文	0	2	6,100&40,38	2&2&0&0&2&0&0&0&1&1&1&0	262244
39	炖肉店	2	3	1	0	0	0	2	52	0	0	70	900	400	540	810	7	70	5	50	312	624	30	300	60	2	5	0	2	<po=cm>说明文	0	3	6,100&40,39	2&2&0&0&2&0&0&0&1&1&1&0	262244
40	西餐厅	2	3	1	0	1	30	2	45	0	0	120	1000	400	600	900	7	70	6	60	360	720	40	400	60	2	10	0	2	<po=cm>这里是西餐厅	0	2	6,100&40,40	0&2&0&2&0&0&2&2&1&1&1&0	262244
41	烤肉店	2	3	1	0	1	30	2	49	0	0	90	1000	400	690	1035	7	70	7	70	372	744	40	400	60	2	10	0&1	2&2	<po=cm>说明文	0	3	6,100&40,41	2&0&0&0&2&0&0&0&1&1&1&0	262244
42	大众酒吧	2	3	1	0	1	30	2	62	0	0	90	800	400	570	855	7	70	7	70	384	768	30	300	60	2	10	0&2	2&2	<po=cm>说明文	0	2	6,100&40,42	0&0&0&0&0&0&2&0&1&1&1&0	262244
43	高级酒吧	2	3	1	0	1	30	2	63	0	0	150	1500	400	900	1350	10	100	8	80	600	1200	40	400	60	2	5	0&5	3&1	<po=cm>说明文	0	-1	6,100&40,43	0&0&0&0&0&0&2&2&1&1&1&0	262244
44	点心铺	2	3	1	0	1	30	2	83	0	0	100	2000	400	750	1125	10	100	8	80	480	960	40	400	60	2	20	0&5	3&1	<po=cm>说明文	0	-1	6,100&40,44	0&0&0&0&0&0&2&2&1&1&1&0	278628
45	花店	3	3	1	0	0	0	1	71	0	0	40	500	400	300	450	5	50	5	50	120	240	20	200	60	2	10	2	1	<po=cm>说明文	0	0	6,100&40,45	0&2&2&0&0&0&0&0&0&0&0&0	131175
46	药店	3	3	1	0	0	0	1	58	0	0	40	600	400	330	495	5	50	5	50	168	336	20	200	60	2	5	2	1	<po=cm>说明文	0	1	6,100&40,46	0&0&2&0&0&0&0&0&0&0&0&0	131172
47	布偶店	3	3	1	0	0	0	1	61	0	0	50	600	400	360	540	5	50	5	50	192	384	20	200	60	2	5	2&4	1&1	<po=cm>说明文	0	1	6,100&40,47	1&1&1&1&1&0&0&0&0&0&2&0	131172
48	古玩店	3	3	1	0	0	0	1	51	0	0	80	800	400	480	720	5	50	5	50	312	624	20	200	60	2	10	2&4	1&1	<po=cm>说明文	0	2	6,100&40,48	1&1&1&1&1&0&0&0&0&0&2&0	131172
49	杂货铺	3	3	1	0	0	0	1	75	1	0	120	800	400	390	585	5	50	7	70	336	672	30	300	60	2	5	2	2	<po=cm>出售杂货	0	3	6,100&40,49	1&1&1&1&1&0&0&0&0&0&2&0	131172
50	焰火店	3	3	1	0	0	0	1	55	0	0	120	900	400	450	675	5	50	7	70	384	768	30	300	60	2	5	2	2	<po=cm>出售杂货	0	3	6,100&40,50	1&1&1&1&1&0&0&0&0&0&2&0	131172
51	杂耍小屋	3	3	1	0	0	0	1	56	0	0	150	1000	400	600	900	5	50	7	70	408	816	30	300	60	2	20	2	2	<po=cm>出售杂货	0	4	6,100&40,51	1&1&1&1&1&0&0&0&0&0&2&0	131172
52	洗澡堂	3	3	1	0	0	0	1	57	0	0	200	1200	400	600	900	6	60	7	70	420	840	30	300	60	2	5	2	2	<po=cm>出售杂货	0	5	6,100&40,52	1&1&1&1&1&0&0&0&0&0&2&0	131172
53	风车	3	3	1	0	0	0	1	59	0	0	200	1500	400	540	810	6	60	10	100	480	960	30	300	60	2	10	4	2	<po=cm>说明文	0	4	6,100&40,53	1&1&1&1&1&0&0&0&0&0&2&0	131172
54	赌场	3	3	1	0	0	0	1	67	0	0	250	2000	400	1080	1620	7	70	7	70	600	1200	40	400	60	2	5	5	3&3	<po=cm>说明文	0	4	6,100&40,54	1&1&1&1&1&0&0&0&0&0&0&0	163908
55	马戏广场	3	3	1	0	0	0	1	69	2	0	300	3000	400	900	1350	10	100	8	80	480	960	40	400	60	2	20	2&5	3&2	<po=cm>说明文	0	-1	6,100&40,55	1&1&1&1&1&0&0&0&0&0&0&0	133220
56	占卜屋	3	3	1	0	0	0	1	72	0	0	200	2000	400	690	1035	7	70	10	100	312	624	30	300	60	2	5	5	3&3	<po=cm>说明文	0	-1	6,100&40,56	1&1&1&1&1&0&0&0&0&0&0&0	131172
57	鬼屋	3	3	1	0	0	0	1	73	0	0	200	2400	400	780	1170	7	70	10	100	360	720	40	400	60	2	10	5	3&3	<po=cm>说明文	0	-1	6,100&40,57	1&1&1&1&1&0&0&0&0&0&0&0	131172
58	大炮店	3	3	1	0	0	0	1	66	0	0	200	2000	400	990	1485	8	80	10	100	360	720	40	400	60	2	10	5	3&3	<po=cm>说明文	0	-1	6,100&40,58	1&1&1&1&1&0&0&0&0&0&0&0	131172
59	剑术道场	4	3	1	0	0	0	1	84	1	0	50	800	400	450	675	5	50	5	50	240	480	30	300	60	2	5	1&3	2&1	<po=cm>说明文	0	-1		0&0&0&0&0&0&0&0&2&0&0&0	4196
60	弓箭练习场	4	3	1	0	0	0	1	64	1	0	50	800	400	450	675	6	60	5	50	264	528	30	300	60	2	5	1&2	1&2	<po=cm>说明文	0	2		0&0&0&0&0&0&0&0&2&0&0&0	8292
61	图书馆	4	3	1	0	0	0	1	76	1	0	100	1500	400	480	720	8	80	7	70	384	768	40	400	60	2	10	4	2	<po=cm>说明文	0	-1		1&1&1&1&1&1&1&1&0&2&0&0	100
62	魔法研究所	4	3	1	0	0	0	1	77	1	0	100	2000	400	780	1170	8	80	8	80	480	960	40	400	60	2	10	4	3	<po=cm>说明文	0	-1		1&1&1&1&1&1&1&1&0&2&0&0	612
63	学校	4	3	1	0	0	0	1	82	2	0	300	2000	400	690	1035	10	100	10	100	600	1200	50	500	60	2	10	0&4	2&2	<po=cm>说明文	0	-1		1&1&1&1&1&1&1&1&0&2&0&0	356
64	博物馆	4	3	1	0	0	0	1	78	1	0	200	3000	400	900	1350	10	100	10	100	720	1440	50	500	60	2	30	4&5	3&3	<po=cm>说明文	0	4		1&1&1&1&1&1&1&1&2&2&2&0	1124
65	城堡	4	3	1	0	0	0	1	68	2	0	300	12000	400	1500	2250	15	150	15	150	1200	2400	50	500	60	2	30	4&5	3&3	<po=cm>说明文	0	-1		0&0&0&0&0&0&0&0&0&0&0&0	65636
66	向日葵	6	2	0	0	0	0	0	28	0	0	20	400	60	0	0	0	0	0	0	0	0	0	0	42	0&1	20&5			<po=cm>说明文	0	0		0&0&0&0&0&0&0&0&0&0&0&0	37
67	郁金香	6	2	0	0	0	0	0	35	0	0	30	500	60	0	0	0	0	0	0	0	0	0	0	42	0&1	20&5			<po=cm>说明文	0	0		0&0&0&0&0&0&0&0&0&0&0&0	36
68	枞树	6	2	0	0	0	0	0	29	0	0	40	500	60	0	0	0	0	0	0	0	0	0	0	42	0&1	30&10			<po=cm>说明文	0	1		0&0&0&0&0&0&0&0&0&0&0&0	36
69	水仙	6	2	0	0	0	0	0	36	0	0	50	600	60	0	0	0	0	0	0	0	0	0	0	42	0&1	50&10			<po=cm>说明文	0	1		0&0&0&0&0&0&0&0&0&0&0&0	36
70	枫树	6	2	0	0	0	0	0	30	0	0	80	600	60	0	0	0	0	0	0	0	0	0	0	42	0&1	40&10			<po=cm>说明文	0	2		0&0&0&0&0&0&0&0&0&0&0&0	36
71	槙树	6	2	0	0	0	0	0	31	0	0	100	800	60	0	0	0	0	0	0	0	0	0	0	42	0&1	20&25			<po=cm>说明文	0	2		0&0&0&0&0&0&0&0&0&0&0&0	36
72	秋樱	6	2	0	0	0	0	0	32	0	0	140	900	60	0	0	0	0	0	0	0	0	0	0	42	0&1	70&5			<po=cm>说明文	0	3		0&0&0&0&0&0&0&0&0&0&0&0	36
73	可可树	6	2	0	0	0	0	0	33	0	0	180	1000	60	0	0	0	0	0	0	0	0	0	0	42	0&1	40&15			<po=cm>说明文	0	4		0&0&0&0&0&0&0&0&0&0&0&0	36
74	木灵大树	6	2	0	0	0	0	0	34	0	0	300	1500	60	0	0	0	0	0	0	0	0	0	0	42	0&1	70&20			<po=cm>说明文	0	5		0&0&0&0&0&0&0&0&0&0&0&0	36
75	entrance00.seb	0	4	3	0	0	0	0	0	0	2	3500	0	60	0	0	0	0	0	0	0	0	0	0	60					<po=cm>说明文	0	-1		0&0&0&0&0&0&0&0&0&0&0&0	0
76	entrance01.seb	0	4	3	0	0	0	0	1	0	3	3500	0	60	0	0	0	0	0	0	0	0	0	0	60					<po=cm>说明文	0	-1		0&0&0&0&0&0&0&0&0&0&0&0	0
77	entrance02.seb	0	4	3	0	0	0	0	2	0	2	3500	0	60	0	0	0	0	0	0	0	0	0	0	60					<po=cm>说明文	0	-1		0&0&0&0&0&0&0&0&0&0&0&0	0
78	entrance03.seb	0	4	3	0	0	0	0	3	0	3	3500	0	60	0	0	0	0	0	0	0	0	0	0	60					<po=cm>说明文	0	-1		0&0&0&0&0&0&0&0&0&0&0&0	0
79	entrance04.seb	0	4	3	0	0	0	0	4	0	2	3500	0	60	0	0	0	0	0	0	0	0	0	0	60					<po=cm>说明文	0	-1		0&0&0&0&0&0&0&0&0&0&0&0	0
80	entrance05.seb	0	4	3	0	0	0	0	5	0	3	3500	0	60	0	0	0	0	0	0	0	0	0	0	60					<po=cm>说明文	0	-1		0&0&0&0&0&0&0&0&0&0&0&0	0
81	entranceOut00.seb	0	5	4	0	0	0	0	6	0	0	3500	0	60	0	0	0	0	0	0	0	0	0	0	60					<po=cm>说明文	0	-1		0&0&0&0&0&0&0&0&0&0&0&0	16
82	entranceOut01.seb	0	5	4	0	0	0	0	7	0	1	3500	0	60	0	0	0	0	0	0	0	0	0	0	60					<po=cm>说明文	0	-1		0&0&0&0&0&0&0&0&0&0&0&0	16
83	entranceOut02.seb	0	5	4	0	0	0	0	8	0	2	3500	0	60	0	0	0	0	0	0	0	0	0	0	60					<po=cm>说明文	0	-1		0&0&0&0&0&0&0&0&0&0&0&0	16
84	entranceOut03.seb	0	5	4	0	0	0	0	9	0	3	3500	0	60	0	0	0	0	0	0	0	0	0	0	60					<po=cm>说明文	0	-1		0&0&0&0&0&0&0&0&0&0&0&0	16