0	平凡挂坠	3	0	1	400	1	0	1	0	5	29	3
1	红心挂坠	3	1	3	1200	6	0	2	0	5	19	8
2	幸运挂坠	3	2	5	2500	11	0	3	0	5	8	2
3	皮革手套	3	3	2	800	2	0	3	0	5	24	3
4	血红手套	3	4	5	1300	2	0	5	0	5	18	2
5	原子手套	3	5	8	1600	3	0	8	0	5	17	2
6	银制腰带	3	6	3	1200	1	0	5	0	5	22	2
7	金制腰带	3	7	7	2800	2	0	13	0	5	7	2
8	黑鸟护身符	3	8	4	800	6	0	1	0	5	25	2
9	羽毛护身符	3	9	6	2100	9	0	1	0	5	11	2
10	破旧的手镯	3	10	1	700	1	0	3	0	5	26	2
11	骑士手镯	3	11	4	1600	2	0	6	0	0	16	2
12	勇者手镯	3	12	7	3300	8	0	9	0	4	4	4
13	神圣手镯	3	13	10	4000	10	0	10	0	5	3	2
14	铜制指环	3	14	1	650	4	0	1	0	5	27	2
15	银制指环	3	15	3	1200	6	0	2	0	5	21	2
16	金制指环	3	16	5	2000	8	0	3	0	5	14	2
17	森林耳环	3	17	4	1100	3	0	3	0	5	23	2
18	古代耳环	3	18	5	2000	4	0	5	0	5	12	8
19	黄金耳环	3	19	6	2400	6	0	6	0	5	10	2
20	水滴挂坠	3	20	2	550	3	0	1	0	1	28	4
21	雷之挂坠	3	21	4	1800	7	0	2	0	1	15	4
22	雪之挂坠	3	22	6	2400	10	0	3	0	1	9	4
23	火之挂坠	3	23	8	3200	13	0	7	0	1	5	4
24	紫水晶指环	3	24	6	6000	6	0	7	0	5	1	2
25	蓝宝石指环	3	25	8	10000	8	0	9	0	5	0	8
26	铜奖章	3	26	3	1200	3	0	3	0	5	20	0
27	银奖章	3	27	5	2000	5	0	5	0	5	13	0
28	金奖章	3	28	7	2800	7	0	7	0	5	6	0
29	开罗奖章	3	29	9	5550	11	0	11	0	5	2	2