0	破旧的头盔	0	0	1	400	3	0	2	0	5	30	2
1	骑士头盔	0	1	5	2000	15	0	10	0	0	16	2
2	金制头盔	0	2	8	3900	26	0	17	0	0	5	2
3	青铜帽子	0	10	2	700	6	0	4	0	5	26	2
4	银制帽子	0	11	6	2800	18	0	12	0	0	13	2
5	金制帽子	0	12	10	4200	30	0	20	0	0	3	2
6	皮革帽子	0	20	1	320	2	0	1	0	5	31	3
7	维京风帽	0	21	4	1800	12	0	8	0	5	17	2
8	战争风帽	0	22	8	3700	24	0	16	0	5	7	2
9	印度头巾	0	30	1	240	1	0	1	0	5	32	2
10	海之印度头巾	0	31	3	600	4	0	2	0	5	28	2
11	沙漠印度头巾	0	32	7	1700	12	0	7	0	5	19	2
12	金制头环	0	40	2	800	7	0	4	0	5	25	2
13	幸运头环	0	41	7	3200	22	0	11	0	5	11	4
14	勇者之冠	0	42	11	4400	34	0	20	0	4	1	4
15	魔法帽子	0	43	3	1200	9	0	5	0	1	21	4
16	邪恶帽子	0	44	9	4000	27	0	14	0	1	4	4
17	僧侣帽子	0	36	2	900	9	0	3	0	1	24	2
18	神官帽子	0	37	8	3600	26	0	10	0	1	9	2
19	破旧的盾牌	1	3	1	400	2	0	3	0	5	129	2
20	骑士之盾	1	4	4	1350	7	0	11	0	0	120	2
21	黄金之盾	1	5	8	3200	16	0	26	0	0	110	8
22	青铜之盾	1	13	2	600	4	0	5	0	5	127	2
23	白银反击者	1	14	6	2400	10	0	19	0	0	114	2
24	黄金反击者	1	15	10	4350	22	0	31	0	0	102	4
25	战士之盾	1	23	3	1000	7	0	7	0	0	123	2
26	魔法之盾	1	24	6	2400	13	0	16	0	5	115	2
27	女神之盾	1	25	9	3800	24	0	28	0	5	106	4
28	光之守护者	1	33	5	1750	11	0	13	0	5	118	2
29	原子守护者	1	34	9	3600	19	0	28	0	5	108	2
30	勇者之盾	1	35	12	4800	26	0	34	0	4	100	4
31	僧侣之盾	1	45	3	1100	8	0	7	0	1	122	2
32	神官之盾	1	26	8	2900	14	0	24	0	1	112	2
33	旅人之服	2	38	1	400	3	0	3	0	3	16	3
34	商人之服	2	39	3	1000	12	0	11	0	3	11	2
35	僧侣长袍	2	46	2	700	6	0	6	0	1	14	2
36	神官长袍	2	47	5	2000	20	0	16	0	1	7	8
37	武者之服	2	48	2	800	6	0	8	0	0	12	2
38	武斗服	2	49	7	2800	21	0	20	0	0	6	2
39	白大褂	2	19	4	1100	12	0	12	0	5	10	2
40	黑西装	2	29	7	3200	25	0	24	0	5	4	8
41	工作服	2	27	1	600	3	0	6	0	3	15	2
42	优质工作服	2	28	5	1700	16	0	15	0	3	9	2
43	青铜护甲	2	6	1	750	6	0	7	0	5	13	2
44	白银护甲	2	7	6	3000	22	0	22	0	5	5	2
45	血红护甲	2	8	9	3600	40	0	31	0	0	2	0
46	勇者之铠	2	9	12	4800	52	0	52	0	4	0	4
47	骑士之铠	2	16	3	1800	16	0	20	0	0	8	2
48	黄金护甲	2	17	7	3400	25	0	32	0	0	3	2
49	神圣之铠	2	18	10	4000	44	0	44	0	0	1	2