0	dummy	0	2	3	1	1	1	1	0
1	烤肉	0	5	60	100	20	30	0	2
2	星之碎片	0	11	48	70	40	30	2	2
3	魔法之灯	0	14	36	50	50	50	3	2
4	天使的水晶	0	17	72	60	60	60	3	2
5	巨人的小提琴	0	23	30	60	60	60	0	2
6	金条	0	24	66	100	100	100	2	2
7	伤药	0	29	9	10	10	10	0	2
8	优质伤药	0	30	30	20	20	20	0	2
9	高级伤药	0	31	90	40	40	40	0	2
10	火之魔法书	0	32	15	50	0	0	0	2
11	冰之魔法书	0	33	30	0	50	0	0	2
12	雷之魔法书	0	34	50	0	0	50	0	2
13	治愈魔法书	0	35	35	20	20	20	1	2
14	火斧	1	9	5	20	0	0	0	3
15	冰剑	1	4	14	0	30	0	0	2
16	冰箭	1	15	30	10	40	0	0	2
17	冰枪	1	29	36	0	50	15	0	2
18	雷枪	1	30	60	0	0	70	10	2
19	炎杖	1	24	90	70	20	30	20	2
20	炎箭	1	18	120	80	30	30	10	2
21	魔王斧	1	12	150	70	50	60	30	2
22	幸运头环	2	13	10	10	5	0	0	3
23	勇者之冠	2	14	90	30	30	30	0	2
24	魔法帽子	2	15	15	0	25	0	3	3
25	邪恶帽子	2	16	21	15	0	35	5	2
26	黄金反击者	2	24	45	30	20	20	0	2
27	女神之盾	2	27	45	30	60	30	0	2
28	勇者之盾	2	30	90	40	50	50	0	2
29	勇者之铠	2	46	90	50	55	50	0	2
30	水滴挂坠	3	20	60	0	50	0	0	3
31	雷之挂坠	3	21	60	0	0	50	0	3
32	雪人挂坠	3	22	60	0	70	0	0	2
33	火之挂坠	3	23	60	70	0	0	0	2
34	勇者手镯	3	12	120	50	50	50	0	2
35	点心铺	4	44	30	30	0	30	5	2
36	占卜屋	4	56	42	0	15	15	10	2
37	鬼屋	4	57	60	35	70	0	20	2
38	大炮店	4	58	42	1	1	1	0	0
39	木灵大树	4	74	45	50	50	50	10	2