0	烤肉大会	5	0	0	0	40	3	-1	提升冒险者的满足度。	招待特级牛肉	0
1	切西瓜大会	3	0	0	0	80	5	-1	提升冒险者的满足度。	快乐的把种子打飞	0
2	火锅派对	14	0	0	0	120	7	-1	提升冒险者的满足度。	幸福的海鲜火锅不客气啦	0
3	蛋糕大会	4	0	0	0	200	10	-1	提升冒险者的满足度。	做好蛋糕请大家试吃	0
4	马拉松大会	1	1	1	0	60	5	-1	提升冒险者的体力。	马拉松切磋大赛	0
5	运动会	1	1	1	0	200	15	-1	提升冒险者的体力。	体育精神的体现	0
6	集中训练	2	1	1	1	60	5	-1	提升冒险者的力量。	要忍耐魔鬼训练	0
7	集中合宿	2	1	1	1	200	15	-1	提升冒险者的力量。	睡觉前的枕头大赛	0
8	战斗学习会	0	1	1	2	60	5	-1	提升冒险者的灵巧。	学习简单的小聪明技巧	0
9	战术讲习会	0	1	1	2	200	15	-1	提升冒险者的灵巧。	学习一个一个武器的使用方法	0
10	负重训练	2	1	1	3	60	5	2	提升冒险者的防御。	采用流行的训练方法	0
11	海边特训	3	1	1	3	200	15	-1	提升冒险者的防御。	负离子也安宁了	0
12	初级魔法讲座	0	2	1	4	60	5	-1	提升冒险者的法力。	面向初学者的讲座	0
13	高级魔法讲座	0	2	1	4	200	15	-1	提升冒险者的法力。	有请特别讲师的讲座	0
14	流星观赏会	15	2	1	5	60	5	-1	提升冒险者的运气。	念三遍愿望的话运气会提升	0
15	赌场讲座	0	2	1	5	200	15	-1	提升冒险者的运气。	胜负一清二楚	0
16	绘画展	10	3	2	0	40	20	1	提升村子的人气。	艺术之街提升影响	0
17	音乐鉴赏会	11	3	2	0	60	25	-1	提升村子的人气。	治愈的古典乐曲	0
18	物产展	10	3	2	0	100	30	3	提升村子的人气。	首次公开特产	0
19	焰火大会	7	3	2	0	150	40	4	提升村子的人气。	气氛热烈的光与暗的表演	0
20	舞会	6	3	2	0	200	50	5	提升村子的人气。	招待附近住民的舞会	0
21	大众博物馆	10	3	2	0	160	40	-1	提升村子的人气。	听说被叫做知识之街	0
22	大众马戏团	9	3	2	0	160	40	-1	提升村子的人气。	注目度很高的人气振兴产业	0
23	大扫除活动	8	4	2	0	20	10	0	提升村子的人气。	街变漂亮了人气也提升了	1
24	巡逻活动	8	4	2	0	30	15	2	提升村子的人气。	踏踏实实的巡逻街的安全有保障	0
25	扩展村子1	13	5	3	0	100	0	-1	可向外拓展村子。	可向外拓展村子。	10
26	扩展村子2	13	5	3	0	200	0	-1	可向外拓展村子。	可向外拓展村子。	10
27	祭典	9	6	4	0	100	0	-1			0
28	扩张魔法壶1	12	6	5	0	100	0	-1	可扩张魔法壶。	可扩张魔法壶。	10
29	扩张魔法壶2	12	6	5	0	100	0	-1	可扩张魔法壶。	可扩张魔法壶。	10
30	导入魔法壶	12	6	6	0	100	0	-1	可导入魔法壶。	可导入魔法壶。	10