0	软软	0	0	0	0	0	16	4	7	4	3	3	50	软绵绵的可爱怪物		1
1	泡泡	0	0	1	0	0	17	4	7	5	3	3	80	用两只触角搜索猎物		1
2	布丁小怪	0	0	2	0	0	19	4	7	7	4	4	100	外表感觉很顽固其实内心很圆滑		1
3	跳跳兔	0	0	3	0	0	28	6	9	9	4	4	125	用敏捷的耳朵攻击冒险者	2,125	0
4	蘑菇子	1	1	0	1	1	64	12	11	14	4	5	200	野生蘑菇突然发生异变	2,126	0
5	果冻	0	0	4	0	1	73	18	12	16	4	5	150	充满水分，柔软的怪物		0
6	大耳猴	1	1	1	1	1	96	24	16	19	5	6	175	散步中的野生猴子		0
7	螃蟹	0	0	5	0	1	83	20	14	18	5	6	175	横行世界的名人		0
8	假面杀手	1	1	2	0	1	108	27	19	20	5	7	200	神秘诡异的假面绅士		0
9	小飘	1	0	3	0	2	128	35	22	20	6	7	240	残留于现世的幽灵	2,129	0
10	火球	1	0	4	0	2	139	38	24	21	6	8	280	比表面看上去拥有更灼热的灵魂		0
11	阿粘	0	0	6	0	2	144	39	25	22	6	8	260	用两腿走路的史莱姆		0
12	小飞侠	1	0	5	0	2	148	40	26	23	7	9	350	喜欢欺负人的飞翔妖精		0
13	巨石怪	2	2	0	1	2	155	42	27	23	7	9	225	在怪物手腕相扑大赛中准优胜	2,130	0
14	魔芋怪	1	1	6	1	3	320	96	70	24	7	10	210	像钢般坚硬的魔芋	2,127	0
15	巨钳蟹	0	0	7	0	3	328	98	71	24	8	10	235	巨大的钳子给它带来很大负担		0
16	树精	1	1	7	0	3	328	98	71	26	8	11	260	寄灵魂于大树中逃到这里来		0
17	阿水	0	0	8	0	3	339	101	74	28	8	11	500	富裕家庭出生的精英		0
18	阿团	2	0	1	0	3	352	105	77	28	9	12	335	头上拥有发电机的环保怪物		0
19	河童	1	1	8	0	4	640	192	196	32	9	12	290	寻找喜欢吃的味增黄瓜而散步中		0
20	墨镜鼹鼠	1	1	9	0	4	656	196	200	33	9	13	260	在夏威夷买到自己喜欢的墨镜	2,131	0
21	蘑菇小姐	1	1	10	1	4	672	201	205	33	10	13	365	蘑菇突然发生异变逃走		0
22	超声怪	2	2	2	1	4	680	204	208	40	10	14	325	发出怪声波攻击冒险者		0
23	发条猴子	2	2	3	2	4	688	206	210	40	10	14	625	搭载最新科技的发条机器人	2,132	0
24	枯树爷爷	1	1	11	1	4	672	201	205	33	11	15	365	寻求落叶而散步中		0
25	帕塔尔３世	2	0	4	1	5	1200	360	525	48	11	15	490	拥有一秒挥动三万次翅膀的能力	2,128	0
26	飞天小蝠	2	2	5	1	5	1216	364	532	44	11	16	550	可利用背上的蝙蝠自由翱翔		0
27	金属拳击手	2	2	6	1	5	1232	369	539	52	12	16	700	在怪物手腕相扑大赛中获胜		0
28	起司诺夫	2	0	7	1	5	1248	374	546	64	12	17	675	为寻找番茄汁而盘旋恶党		0
29	相扑太郎	3	3	0	3	5	1440	400	630	120	18	17	1500	被称为世界第一恐怖的传说中的怪物		2
30	相扑一郎	3	3	0	3	6	180	42	33	100	30	18	1000	名门龙族一家的长男		4
31	便当花子	3	3	1	3	6	384	90	78	200	30	18	1000	名门龙族一家的长女		4
32	鳕腹次郎	3	3	2	3	6	820	160	130	250	30	19	1000	名门龙族一家的二男		4
33	眠眠卡比	3	3	3	3	6	1250	280	230	300	30	19	1000	名门龙族一家的治愈系		4
34	强尼&麻美	3	3	4	3	6	2400	430	460	350	30	20	1000	名门龙族一家的母亲		4
35	机械王野吉	3	3	5	3	6	6000	820	780	500	30	20	1000	穿着战斗套装的名门龙族一家的长男		4