0	沼泽地带的探险	沼泽地带	0	2	0	1300	6	4	6	0	0	7	1,77	20	1500	0
1	洞穴的探险	洞穴	0	1	0	1400	0	4	6	0	0	7	1,77	20	1700	0
2	迷宫的探险	迷宫	0	1	0	1700	5	6	8	0	0	7	1,77	20	2000	0
3	诡异森林的探险	诡异森林	0	3	0	2200	9	8	12	0	0	7	1,77	20	2500	8
4	沼泽地带的探险	有毒的沼泽地带	0	2	1	2420	6	4	6	0	0	7	1,77	20	2800	0
5	洞穴的探险	非常大的洞穴	0	1	1	2300	0	5	6	0	0	7	1,77	20	2650	0
6	石碑的调查	看上去很有历史的石碑	0	5	1	2400	4	6	7	0	0	7	1,77	20	2900	0
7	迷宫的探险	昏暗的迷宫	0	1	1	2700	5	6	8	0	0	7	1,77	20	3000	0
8	幽深的迷宫的探险	幽深的迷宫	0	1	1	3700	8	8	12	0	0	7	1,77	20	3500	8
9	沼泽地带的探险	有毒的沼泽地带	0	2	2	3500	6	4	6	0	0	7	1,77	20	3800	0
10	石碑的调查	看上去很有历史的石碑	0	5	2	3600	4	6	7	0	0	7	1,77	20	3900	0
11	迷宫的探险	昏暗的迷宫	0	1	2	3700	5	6	8	0	0	7	1,77	20	4000	0
12	诡异森林的探险	诡异森林	0	3	2	3550	9	5	7	0	0	7	1,77	20	3850	0
13	幽灵据点的探险	幽灵据点	0	3	2	4700	10	8	12	0	0	7	1,77	20	4500	8
14	石碑的调查	看上去很有历史的石碑	0	5	3	4600	4	4	6	0	0	7	1,77	20	4900	0
15	迷宫的探险	昏暗的迷宫	0	1	3	4700	5	5	7	0	0	7	1,77	20	5000	0
16	妖气森林的探险	妖气森林	0	3	3	4550	9	6	8	0	0	7	1,77	20	4850	0
17	废墟的探险	好像有着什么的废墟	0	5	3	4650	7	4	5	0	0	7	1,77	20	4950	0
18	谜之石像的探险	谜之石像	0	4	3	5700	11	8	12	0	0	7	1,77	20	5500	8
19	废墟的探险	好像有着什么的废墟	0	5	4	5650	7	4	5	0	0	7	1,77	20	5950	0
20	幽深的迷宫的探险	幽深的迷宫	0	1	4	5900	8	5	6	0	0	7	1,77	20	6200	0
21	诡异森林的探险	诡异森林	0	3	4	5550	9	5	7	0	0	7	1,77	20	5850	0
22	幽灵据点的探险	幽灵据点	0	3	4	6100	10	6	8	0	0	7	1,77	20	6400	0
23	谜之石像的调查	谜之石像	0	4	4	6150	11	7	9	0	0	7	1,77	20	6450	0
24	古代宫殿的探险	古代宫殿	0	4	4	7200	12	8	12	0	0	7	1,77	20	7000	8
25	废墟的探险	好像有着什么的废墟	0	5	5	6650	7	4	6	0	0	7	1,77	20	6950	0
26	火山的探险	危险的火山	0	1	5	6900	1	5	7	0	0	7	1,77	20	7200	0
27	幽深的迷宫的探险	幽深的迷宫	0	1	5	6900	8	6	8	0	0	7	1,77	20	7200	0
28	诡异森林的探险	诡异森林	0	3	5	6550	9	7	9	0	0	7	1,77	20	6850	0
29	幽灵据点的探险	幽灵据点	0	3	5	7100	10	8	10	0	0	7	1,77	20	7400	0
30	谜之石像的探险	谜之石像	0	4	5	7150	11	8	10	0	0	7	1,77	20	7450	0
31	古代宫殿的探险	古代宫殿	0	4	5	7400	12	8	10	0	0	7	1,77	20	7700	0
32	塔的探险	神秘的建筑	0	4	5	8700	13	8	12	0	0	7	1,77	20	8000	8
33	怪物群的击退	怪物群	1	0	0	1400	0	3	6	0&1&2&3	4	5	1,77	25	1500	0
34	怪物军团击退	怪物群	1	0	0	1500	0	3	6	3	4	7	1,77	25	1800	0
35	软软大量出现	软软群	1	0	0	1600	0	3	6	0	0	10	1,77	30	1900	4
36	泡泡大量出现	泡泡群	1	0	0	1600	0	3	6	1	1	9	1,77	30	1900	4
37	布丁小怪大量出现	布丁小怪群	1	0	0	1600	0	3	6	2	2	8	1,77	30	1900	4
38	跳跳兔大量出现	跳跳兔群	1	0	0	1600	0	3	6	3	3	8	1,77	30	1900	4
39	对决！相扑一郎	暴走的相扑一郎	1	0	0	1700	0	3	6	30	30	1	1,77	50	3000	2
40	怪物群的击退	怪物群	1	0	1	2400	0	3	6	2&3&4&5	6	5	1,77	25	2500	0
41	怪物军团击退	怪物群	1	0	1	2500	0	3	6	4	8	7	1,77	25	2800	0
42	蘑菇子大量出现	蘑菇子群	1	0	0	1600	0	3	6	4	4	10	1,77	30	1900	4
43	果冻大量出现	果冻群	1	0	1	2600	0	3	6	5	5	9	1,77	30	2900	4
44	大耳猴大量出现	大耳猴群	1	0	1	2600	0	3	6	6	6	8	1,77	30	2900	4
45	螃蟹大量出现	螃蟹群	1	0	1	2600	0	3	6	7	7	8	1,77	30	2900	4
46	假面杀手大量出现	假面杀手群	1	0	1	2600	0	3	6	8	8	8	1,77	30	2900	4
47	对决！便当花子	暴走的便当花子	1	0	1	2700	0	3	6	31	31	1	1,77	50	4400	2
48	怪物群的击退	怪物群	1	0	2	3400	0	4	7	7&8&9&10	11	5	1,77	25	3500	0
49	怪物群讨伐	怪物群	1	0	2	3500	0	4	7	8	13	7	1,77	25	3800	0
50	小飘大量出现	小飘群	1	0	1	2600	0	3	6	9	9	9	1,77	30	2900	4
51	火球大量出现	火球群	1	0	2	3600	0	4	7	10	10	8	1,77	30	3900	4
52	阿粘大量出现	阿粘群	1	0	2	3600	0	4	7	11	11	8	1,77	30	3900	4
53	小飞侠大量出现	小飞侠群	1	0	2	3600	0	4	7	12	12	8	1,77	30	3900	4
54	巨石怪大量出现	巨石怪群	1	0	2	3600	0	4	7	13	13	8	1,77	30	3900	4
55	对决！鳕腹次郎	乱闹的鳕腹次郎	1	0	2	3700	0	4	7	32	32	1	1,77	50	5900	2
56	怪物群的击退	怪物群	1	0	3	4400	0	4	7	12&13&14&15	17	5	1,77	25	4500	0
57	怪物部队击退	怪物群	1	0	3	4500	0	4	7	13	18	7	1,77	25	4800	0
58	魔芋怪大量出现	魔芋怪群	1	0	2	3600	0	4	7	14	14	10	1,77	30	3900	4
59	巨钳蟹大量出现	巨钳蟹群	1	0	3	4600	0	4	7	15	15	9	1,77	30	4900	4
60	树精大量出现	树精群	1	0	3	4600	0	4	7	16	16	8	1,77	30	4900	4
61	阿水大量出现	阿水群	1	0	3	4600	0	4	7	17	17	8	1,77	30	4900	4
62	阿团大量出现	阿团群	1	0	3	4600	0	4	7	18	18	8	1,77	30	4900	4
63	对决！眠眠卡比	暴走的眠眠卡比	1	0	3	4700	0	4	7	33	33	1	1,77	50	7500	2
64	怪物群的击退	怪物群	1	0	4	5400	0	5	8	17&18&19&20	23	5	1,77	25	5500	0
65	怪物组合击退	怪物群	1	0	4	5500	0	5	8	21	24	7	1,77	25	5800	0
66	河童大量出现	河童群	1	0	3	4600	0	4	7	19	19	10	1,77	30	4900	4
67	墨镜鼹鼠大量出现	墨镜鼹鼠群	1	0	4	5600	0	5	8	20	20	9	1,77	30	5900	4
68	蘑菇小姐大量出现	蘑菇小姐群	1	0	4	5600	0	5	8	21	21	8	1,77	30	5900	4
69	超声怪大量出现	超声怪群	1	0	4	5600	0	5	8	22	22	8	1,77	30	5900	4
70	发条猴子大量出现	发条猴子群	1	0	4	5600	0	5	8	23	23	8	1,77	30	5900	4
71	枯树爷爷大量出现	枯树爷爷群	1	0	4	5600	0	5	8	24	24	8	1,77	30	5900	4
72	对决！强尼&麻美	暴走的强尼&麻美	1	0	4	5700	0	5	8	34	34	1	1,77	50	9000	2
73	怪物群的击退	怪物群	1	0	5	6400	0	5	8	23&24&25&26	27	5	1,77	25	6500	0
74	怪物联军击退	怪物群	1	0	5	6500	0	5	8	27	29	7	1,77	25	6800	0
75	帕塔尔３世大量出现	帕塔尔３世群	1	0	5	6600	0	5	8	25	25	10	1,77	30	6900	4
76	飞天小蝠大量出现	飞天小蝠群	1	0	5	6600	0	5	8	26	26	9	1,77	30	6900	4
77	金属拳击手大量出现	金属拳击手群	1	0	5	6600	0	5	8	27	27	8	1,77	30	6900	4
78	起司诺夫大量出现	起司诺夫群	1	0	5	6600	0	5	8	28	28	8	1,77	30	6900	4
79	相扑太郎大量出现	相扑太郎群	1	0	5	6600	0	5	8	29	29	8	1,77	30	6900	4
80	对决！机械王野吉	暴走的机械王野吉	1	0	5	7700	0	5	8	35	35	1	1,77	50	10500	2