0	开始游戏	0	0,0	5,0
1	活动信息test1	0	0,0	5,0
2	活动信息test2	0	0,0	5,1
3	ED_1	0	0,0	2,0
4	ED_排行榜达成	0	0,0	2,1
5	ED_排行榜未达成	0	0,0	2,2
6	ED_2	0	0,0	2,3
7	最初的介绍	0		6,3&2,4
8	冒险募集结束	0	0,0	2,5
9	第一次的冒险募集结束	0	0,0	2,6
10	多谢光顾	0	0,0	2,7
11	钱不够呢	0	0,0	2,8
12	村子点数不足	0	0,0	2,9
13	没有商品	0	0,0	2,10
14	没有商品_SELL	0	0,0	2,11
15	持有物品0	0	0,0	2,12
16	入住者0	0	0,0	2,13
17	设施0	0	0,0	2,14
18	魔法壶_点数不足	0	0,0	2,15
19	超过魔法壶的容量	0	0,0	2,16
20	相同的职业	0	0,0	2,17
21	授勋仪式开始了	0	0,0	2,18
22	勋章剩余０	0	0,0	2,19
23	还有勋章	0	0,0	2,20
24	很高兴获得勋章1	0	0,0	2,21
25	很高兴获得勋章2	0	0,0	2,22
26	授勋仪式	0	0,0	6,1340&15,0
27	勋章不足	0	0,0	2,23
28	攻略迷宫	0	0,0	5,3
29	迷宫的数量0	0	0,0	2,24
30	发现迷宫1	0	0,0	2,25
31	发现迷宫_出发	0	0,0	2,26
32	想要住家	0	0,0	2,27
33	住家回礼	0	0,0	2,28
34	住家持续回礼	0	0,0	2,34
35	街等级提升参加请求	0	0,3,1&0,4,6	6,100&2,37&16,0&2,38
36	街等级提升达成的要求	0	0,0	2,39
37	街等级提升达成_手动	0	0,0	2,40
38	街等级还不能提升	0	0,0	2,41
39	街等级提升还差一项	0	0,0	2,42
40	街等级提升达成后	0	0,0	2,43&16,0&2,38
41	关于下一个等级	0	0,0	6,1000&2,44&16,0&2,45
42	街等级提升达成后_大臣1	0	0,0	6,30&2,46&30,0
43	街等级提升达成后_大臣2	0	0,0	6,30&2,46&33,30
44	街等级提升达成后_大臣3	0	0,0	6,3&2,46&34,63
45	街等级提升达成后_大臣4	0	0,0	6,30&2,46&33,26
46	街等级提升达成后_大臣5	0	0,0	6,30&2,47&31,21&31,22
47	街等级提升达成后（最后）	0	0,0	2,48
48	街等级提升ＭＡＸ	0	0,0	2,49
49	举办活动的次数0	0	0,0	2,50
50	举办活动_季节结束	0	0,0	2,51
51	宣传的次数0	0	0,0	2,52
52	举办活动汎用msg	0	0,0	5,5&18,5
53	等级提升1	0	0,0	5,6&29,1
54	等级提升2	0	0,0	5,6&29,1
55	等级提升3	0	0,0	5,6&29,1
56	等级提升4	0	0,0	5,6&29,1
57	等级提升5	0	0,0	5,6&29,1
58	冒险者满足度提升街人气UP	0	0,0	6,3&22,0
59	第一次探险	0	0,0	6,40&2,53&14,0&7,30&2,54
60	第一次怪物讨伐	0	0,0	6,40&2,55
61	第一次举办活动	0	0,0	6,40&2,56
62	任务选择中	0	0,0	2,57
63	任务不可参加	0	0,0	2,58
64	任务追加参加	0	0,0	2,59
65	任务继续	0	0,0	2,60
66	有冒险者来访了00	0	0,0	6,500&21,0,1
67	有冒险者来访了01	0	0,0	6,500&21,4,1
68	有冒险者来访了02	0	0,0	6,500&21,5,1
69	有冒险者来访了03	0	0,0	6,500&21,6,1
70	有冒险者来访了04	0	0,0	6,500&21,7,1
71	有冒险者来访了05	0	0,0	6,500&21,8,1
72	试验新闻	0	0,0	4,0
73	设施配置：学校	0	0,0	17,7
74	设施配置：魔法研究所	0	0,0	17,13
75	设施配置：博物馆	0	0,0	17,21
76	设施配置：马戏团	0	0,0	17,22
77	怪物讨伐成功1	0	0,0	5,7&6,10&22,0
78	怪物讨伐成功2	0	0,0	5,7&6,10&22,0
79	怪物讨伐成功3	0	0,0	5,7&6,10&22,0
80	任务中止	0	0,0	5,8&6,10&22,0
81	点击开始募集入住	0	0,0	2,61
82	第一次入住募集	0	0,0	2,62
83	有希望入住的人但是没有住家的时候	0	0,0	2,63
84	第一次点击武器店	0	0,0	2,64
85	第一次点击防具店	0	0,0	2,65
86	第一次点击饰品店	0	0,0	2,66
87	第一次点击旅店	0	0,0	2,67
88	人气说明	0	0,0	6,35&2,68
89	第一位冒险者	0	0,0	2,69&12,0
90	第一次战斗	0	0,0	2,70&13,0
91	第一次战斗结束	0	0,0	6,80&2,71
92	第一次冒险探索结束	0	0,0	6,20&2,72
93	想要入住＿男１	0	0,0	2,73
94	想要入住＿男２	0	0,0	2,74
95	想要入住＿女１	0	0,0	2,75
96	想要入住＿女２	0	0,0	2,76
97	第一次：打开商店时	0	0,0	2,77
98	第一次：打开礼物时	0	0,0	2,78
99	第一次：打开选择礼物时	0	0,0	2,79
100	第一次：举办活动	0	0,0	2,80
101	第一次：打开魔法壶	0	0,0	2,81
102	扩张魔法壶1	0	0,0	17,28
103	扩张魔法壶2	0	0,0	17,29
104	导入魔法壶	0	0,0	2,82
105	第一次：向魔法壶内投入物品后	0	0,0	2,83
106	获得魔法壶配方	0	0,0	2,84
107	魔法壶作成	0	0,0	2,85
108	获得勋章	0	0,0	29,1
109	第一次升级	0	0,0	2,86
110	第一次得到武器	0	0,0	6,3&2,87
111	第一次的角色情报画面	0	0,0	2,88
112	第一次的转职画面	0	0,0	2,89
113	第一次获得新的职业	0	0,0	2,90
114	第一次打开建设画面时	0	0,0	2,91
115	第一次没有道路的设施	0	0,0	2,92
116	第一次发动光环	0	0,0	2,93
117	第一次建设入住募集	0	0,0	6,5&2,94
118	第一次住家建设	0	0,0	6,200&2,95
119	第一次职业满级_推荐转职	0	0,0	2,96
120	商店开业1	0	0,0	2,97
121	商店开业2	0	0,0	2,98
122	住家税金征收1	0	0,0	2,99
123	住家税金征收2	0	0,0	2,100&37,0
124	街人气100	0	0,0	2,104&5,9&7,3
125	街人气锁定OFF	0	0,0	35,0
126	任务结束_修正	0	0,0	6,10&22,0
127	收入设施増加	0	0,0	2,105
128	商店追加	0	0,0	6,500&36,0
129	冒险者造访	0	0,0	2,106
130	获得扩展村子时	0	0,0	2,107
131	发生5次以上战斗不能	0	0,0	2,108
132	冒险者发现迷宫搜索	0	0,0	2,109
133	冒险者发现怪物讨伐	0	0,0	2,110
134	冒险者发现BOSS讨伐	0	0,0	2,111
135	撤去住家的时候1	0	0,0	2,113
136	撤去住家的时候2	0	0,0	2,114
137	从情报画面追踪_没有	0	0,0	2,115
138	BOSS出现	0	0,0	2,116
139	BOSS登场：相扑一郎	0	0,0	2,165
140	BOSS登场：便当花子	0	0,0	2,166
141	BOSS登场：鳕腹次郎	0	0,0	2,167
142	BOSS登场：眠眠卡比	0	0,0	2,168
143	BOSS登场：强尼&麻美	0	0,0	2,169
144	BOSS登场：机械王野吉	0	0,0	2,170
145	BOSS击破：相扑一郎	0	0,0	2,117
146	BOSS击破：便当花子	0	0,0	2,118
147	BOSS击破：鳕腹次郎	0	0,0	2,119
148	BOSS击破：眠眠卡比	0	0,0	2,120
149	BOSS击破：强尼&麻美	0	0,0	2,121
150	BOSS击破：机械王野吉	0	0,0	2,122
151	物品的说明	0	0,0	2,124
152	BOSS击破后_大臣	0	0,0	6,100&2,123&38,0&39,0
153	人气奖励的延迟	0	0,0	6,100
154	等级提升説明_每月收入	0	0,0	2,158
155	等级提升説明_设施的数量	0	0,0	2,159
156	等级提升説明_居民数	0	0,0	2,160
157	等级提升説明_建设	0	0,0	2,161
158	等级提升説明_完成任务数	0	0,0	2,162
159	等级提升説明_街道人气	0	0,0	2,163
160	等级提升説明_举办活动数	0	0,0	2,164
161	金钱不足	0	0,0	2,171&6,5&0,3000
162	任务中止_msg	0	0,0	2,172
163	建设更多的设施吧!	0	0,0	2,173
164	金钱不足的时候物品有20个以上_第3年之后	0	0,0	2,174
165	巨龙一家再次登场	0	0,0	2,175
166	巨龙一家的终焉	0	0,0	2,176
167	增长量使数值回归了！	0	0,0	2,177
168	迷宫突入后：宝箱only感想1	0	0,0	2,178
169	迷宫突入后：宝箱only感想2	0	0,0	2,179
170	迷宫突入后：怪物only感想1	0	0,0	2,180
171	迷宫突入后：怪物only感想2	0	0,0	2,181
200	新闻_开始修复街道	0	0,3,1&0,4,5&0,5,2	4,0
201	新闻_第一次攻略迷宫	0	0,0	6,300&4,1
202	新闻_第一次的住家	0	0,0	6,300&4,3
203	新闻_全員住家	0	0,0	6,300&4,4
204	新闻_努力度的说明	0	0,3,3&0,4,11&0,5,3	6,100&4,5
205	新闻_第一次的怪物讨伐	0	0,0	6,300&4,2
206	新闻_1星级街	0	0,0	6,300&4,6
207	新闻_2星级街	0	0,0	6,300&4,7
208	新闻_3星级街	0	0,0	6,300&4,8
209	新闻_4星级街	0	0,0	6,300&4,9
210	新闻_5星级街	0	0,0	6,300&4,10
211	新闻_剑术道场设置	0	0,0	6,300&4,11
212	新闻_魔法研究所设置	0	0,0	6,300&4,12
213	新闻_点心铺设置	0	0,0	6,300&4,13
214	新闻_赌场设置	0	0,0	6,300&4,14
215	新闻_博物馆的设置	0	0,0	6,300&4,15
216	新闻_伟大之剑的发现	0	0,0	6,300&4,16
217	新闻_打倒相扑太郎	0	0,0	6,300&4,17
218	新闻_出现使用魔法的人了	0	0,0	6,300&4,18
219	新闻_导入魔法壶	0	0,0	6,300&4,19
220	新闻_人气突破1000	0	0,0	6,300&4,20
221	新闻_人气突破3000	0	0,0	6,300&4,21
222	新闻_人气突破5000	0	0,0	6,300&4,22
223	新闻_人气突破10000	0	0,0	6,300&4,23
224	新闻_人气突破20000	0	0,0	6,300&4,24
225	新闻_10周年	0	0,3,10&0,4,4&0,5,1	6,300&4,25
226	新闻_20周年	0	0,3,20&0,4,4&0,5,1	6,300&4,26
227	新闻_50周年	0	0,3,50&0,4,4&0,5,1	6,300&4,27