0	北国马铃薯	0	1	0	5	0	0	1	0	2	0	0	2	0	0	4	2	0	400	6	0	0	培育的很好的马铃薯	19
1	挤出来的牛奶	0	5	0	27	0	1	2	30	4	0	0	0	4	0	7	0	0	800	5	0	1	新鲜出炉的牛奶	19
2	大玉西瓜	0	2	0	13	0	3	7	0	6	6	0	7	0	0	12	0	0	1500	3	0	2	很少见的西瓜	26
3	极品火腿	0	4	1	23	0	0	4	20	0	2	2	0	0	0	2	0	0	700	4	0	3	非常棒的肉	19
4	甘甜的肉圆	0	4	1	20	0	2	6	50	0	3	3	0	0	0	4	0	0	1500	4	0	4	很适合做便当	18
5	夹脂牛排	0	4	1	22	0	5	8	100	0	4	5	0	0	0	6	0	0	3000	3	0	5	A5级的牛肉做的牛排	6
6	本地起司	0	7	2	35	0	0	2	20	2	0	0	3	0	0	2	0	0	600	4	0	6	让人心荡神驰的起司	18
7	特级鲱鱼	0	3	2	19	0	2	4	40	3	1	2	5	3	0	4	0	0	1200	3	0	7	近海里的鱼	18
8	直送金枪鱼	0	3	2	16	0	4	7	80	5	0	0	8	0	1	6	0	0	2200	3	0	8	冰海里鱼	18
9	铁管	1	8	3	42	0	0	1	10	1	1	1	0	0	0	2	0	0	600	5	0	9	水管工程用到的铁管	18
10	便宜胸罩	1	10	3	65	0	3	9	50	0	5	1	2	1	1	4	0	0	1600	3	0	10	大甩卖卖的	18
11	星之碎片	1	9	3	50	0	-1	10	100	7	0	7	7	10	1	6	0	0	3200	3	0	11	从陨石里采掘出来的	6
12	蜂窝	1	9	4	56	0	1	3	20	2	0	7	5	6	0	2	0	0	800	4	0	12	熊先生最喜欢的蜂蜜就是从这来的	18
13	蝙蝠翅膀	1	9	4	55	0	2	6	40	2	0	6	7	6	1	4	0	0	1800	4	0	13	听说这个可以解除魔法	18
14	魔法之灯	1	9	4	49	0	-1	10	80	6	0	9	10	9	1	6	0	0	3500	2	0	14	很有历史的灯	6
15	高级香槟	0	6	5	30	0	1	6	100	4	2	0	1	4	0	2	0	0	2000	5	0	15	酒精10%	26
16	光之钻石	1	8	5	37	0	5	9	150	4	4	4	5	3	1	4	0	0	4000	3	0	16	被耀眼的光芒保卫的神圣之石	18
17	天使水晶	1	8	5	39	0	-1	10	200	6	4	8	8	9	1	6	0	0	5000	2	0	17	粗心的天使落下来的东西	6
18	柔软的坐垫	1	11	6	60	0	0	1	20	0	2	2	1	0	0	0	0	0	500	6	0	18	中间的棉花用的是最高级的棉花	18
19	安睡枕	1	11	6	77	0	1	2	30	0	2	3	0	0	0	0	0	0	700	5	0	19	让心好好休息的好物	18
20	板状巧克力	0	11	6	36	0	2	4	30	4	0	3	6	5	1	0	0	0	1000	4	0	20	甜甜的巧克力	18
21	庆祝的铃铛	1	11	6	61	0	3	8	50	0	4	0	5	5	0	0	0	0	2000	3	0	21	偶尔其实低落就麻烦了	18
22	极品蜜瓜	0	2	6	14	0	4	6	50	6	2	7	7	7	1	0	0	0	4000	4	0	22	进口的稀少的蜜瓜	18
23	大师的小提琴	1	10	6	75	0	-1	7	100	3	4	5	6	6	0	0	0	0	7000	3	0	23	巨匠手工制作的小提琴	6
24	金条	1	8	6	40	0	-1	9	200	0	0	4	4	3	1	0	0	0	20000	2	0	24	大财主的必需品	14
25	椰果	0	7	7	34	0	3	4	50	4	0	9	10	11	1	0	0	0	1000	4	0	25	布丁素材	18
26	玩偶	1	9	7	59	0	4	5	50	6	0	14	13	13	1	0	0	0	2000	4	0	26	似乎是某一个角色或是主题的	26
27	传说的魔导书	1	9	7	51	0	5	7	50	6	2	14	15	14	2	0	0	0	3000	3	0	27	代代相传的魔法的书籍	18
28	上古的古文书	1	9	7	52	0	-1	9	50	4	6	16	16	14	3	0	0	0	4000	3	0	28	祖宗的智慧的存在	18
29	伤药	1	10	8	78	0	0	1	0	2	0	2	1	2	0	0	3	0	300	4	50	29	HP回复50点	22
30	优质伤药	1	10	8	79	0	2	5	0	3	0	1	3	3	0	0	0	0	1000	4	200	30	HP回复200点	22
31	高级伤药	1	10	8	80	0	5	9	0	3	2	4	2	3	0	0	0	0	2000	4	1000	31	HP回复1000点	6
32	火之魔法书	1	9	9	82	0	-1	9	30	1	0	10	0	0	0	0	0	0	3000	4	0	32	火之魔法可以学会	4
33	冰之魔法书	1	9	9	81	1	-1	9	30	0	2	0	10	0	0	0	0	0	3000	4	0	33	冰之魔法可以学会	4
34	雷之魔法书	1	9	9	83	2	-1	9	30	2	0	0	0	10	0	0	0	0	3000	4	0	34	雷之魔法可以学会	4
35	治愈魔法书	1	9	9	84	3	-1	9	30	0	1	3	3	3	1	0	0	0	3000	4	0	35	恢复魔法可以学会	4