0	0	100	0	-1	6,100&3,106,1,0&21,0,0	2
1	1	200	0	4	6,100&2,101&33,4	4
2	2	300	4	-1	6,100&3,106,1,4&21,4,0	2
3	3	400	0	-1	6,100&2,102&32,0	0
4	4	500	5	-1	6,100&3,106,1,5&21,5,0	2
5	5	600	0	0	6,100&2,101&33,0	4
6	6	700	13	-1	6,100&3,106,1,13&21,13,0	2
7	7	800	0	6	6,100&2,101&33,6	4
8	8	900	6	-1	6,100&3,106,1,6&21,6,0	2
9	9	1000	0	-1	6,100&2,103&33,25&6,10&2,107	0
10	10	1100	0	1	6,100&2,101&33,1	4
11	11	1200	0	-1	6,100&2,102&32,0	0
12	12	1300	11	-1	6,100&3,106,1,11&21,11,0	2
13	13	1400	0	-1	6,100&2,102&32,0	0
14	14	1500	7	-1	6,100&3,106,1,7&21,7,0	2
15	15	1600	0	-1	6,100&2,102&32,0	0
16	16	1700	0	8	6,100&2,101&33,8	4
17	17	1800	8	-1	6,100&3,106,1,8&21,8,0	2
18	18	1900	0	-1	6,100&2,102&32,0	0
19	19	2000	0	14	6,100&2,101&33,14	4
20	20	2100	9	-1	6,100&3,106,1,9&21,9,0	2
21	21	2200	0	-1	6,100&2,102&32,0	0
22	22	2300	0	-1	6,100&2,102&32,0	0
23	23	2400	10	-1	6,100&3,106,1,10&21,10,0	2
24	24	2500	0	17	6,100&2,101&33,17	4
25	25	2600	12	-1	6,100&3,106,1,12&21,12,0	2
26	26	2700	0	-1	6,100&2,102&32,0	0
27	27	2800	0	2	6,100&2,101&33,2	4
28	28	2900	14	-1	6,100&3,106,1,14&21,14,0	2
29	29	3000	0	3	2,101&33,3	4
30	30	3100	0	-1	6,100&2,102&32,0	0
31	31	3200	15	-1	6,100&3,106,1,15&21,15,0	2
32	32	3300	0	12	6,100&2,101&33,12	4
33	33	3400	16	-1	6,100&3,106,1,16&21,16,0	2
34	34	3500	0	-1	6,100&2,102&32,0	0
35	35	3600	0	5	6,100&2,101&33,5	4
36	36	3700	17	-1	6,100&3,106,1,17&21,17,0,0	2
37	37	3800	0	-1	6,100&2,102&32,0	0
38	38	3900	0	9	6,100&2,101&33,9	4
39	39	4000	18	-1	6,100&3,106,1,18&21,18,0	2
40	40	4100	0	-1	6,100&2,102&32,0	0
41	41	4200	19	-1	6,100&3,106,1,19&21,19,0	2
42	42	4300	0	11	6,100&2,101&33,11	4
43	43	4400	0	-1	6,100&2,102&32,0	0
44	44	4500	20	-1	6,100&3,106,1,20&21,20,0	2
45	45	4600	0	-1	6,100&2,102&32,0	0
46	46	4700	0	-1	6,100&2,102&32,0	0
47	47	4800	21	-1	6,100&3,106,1,21&21,21,0	2
48	48	4900	0	15	6,100&2,101&33,15	4
49	49	5000	22	-1	6,100&3,106,1,22&21,22,0	2
50	50	5100	0	-1	6,100&2,102&32,0	0
51	51	5200	0	-1	6,100&2,102&32,0	0
52	52	5300	23	-1	6,100&3,106,1,23&21,23,0	2
53	53	5400	0	-1	6,100&2,102&32,0	0
54	54	5500	0	-1	6,100&2,102&32,0	0
55	55	5600	0	-1	6,100&2,102&32,0	0
56	56	5700	24	-1	6,100&3,106,1,24&21,24,0	2
57	57	5800	0	-1	6,100&2,102&32,0	0
58	58	5900	0	-1	6,100&2,102&32,0	0
59	59	6000	0	-1	6,100&2,102&32,0	0
60	60	6100	0	-1	6,100&2,102&32,0	0
61	61	6200	0	-1	6,100&2,102&32,0	0
62	62	6300	0	-1	6,100&2,102&32,0	0
63	63	6400	0	-1	6,100&2,102&32,0	0
64	64	6500	0	-1	6,100&2,102&32,0	0
65	65	6600	0	-1	6,100&2,102&32,0	0
66	66	6700	0	-1	6,100&2,102&32,0	0
67	67	6800	0	-1	6,100&2,102&32,0	0
68	68	6900	0	-1	6,100&2,102&32,0	0
69	69	7000	0	-1	6,100&2,102&32,0	0
70	70	7100	0	-1	6,100&2,102&32,0	0
71	71	7200	0	-1	6,100&2,102&32,0	0
72	72	7300	0	-1	6,100&2,102&32,0	0
73	73	7400	0	-1	6,100&2,102&32,0	0
74	74	7500	0	-1	6,100&2,102&32,0	0
75	75	7600	0	-1	6,100&2,102&32,0	0
76	76	7700	0	-1	6,100&2,102&32,0	0
77	77	7800	0	-1	6,100&2,102&32,0	0
78	78	7900	0	-1	6,100&2,102&32,0	0
79	79	8000	0	-1	6,100&2,102&32,0	0
80	80	8100	0	-1	6,100&2,102&32,0	0
81	81	8200	0	-1	6,100&2,102&32,0	0
82	82	8300	0	-1	6,100&2,102&32,0	0
83	83	8400	0	-1	6,100&2,102&32,0	0
84	84	8500	0	-1	6,100&2,102&32,0	0
85	85	8600	0	-1	6,100&2,102&32,0	0
86	86	8700	0	-1	6,100&2,102&32,0	0
87	87	8800	0	-1	6,100&2,102&32,0	0
88	88	8900	0	-1	6,100&2,102&32,0	0
89	89	9000	0	-1	6,100&2,102&32,0	0
90	90	9100	0	-1	6,100&2,102&32,0	0
91	91	9200	0	-1	6,100&2,102&32,0	0
92	92	9300	0	-1	6,100&2,102&32,0	0
93	93	9400	0	-1	6,100&2,102&32,0	0
94	94	9500	0	-1	6,100&2,102&32,0	0
95	95	9600	0	-1	6,100&2,102&32,0	0
96	96	9700	0	-1	6,100&2,102&32,0	0
97	97	9800	0	-1	6,100&2,102&32,0	0
98	98	9900	0	-1	6,100&2,102&32,0	0
99	99	10000	0	-1	6,100&2,102&32,0	0